2 343410320
3 918908857
1 203600711
1 77307041
2 938817460
2 419749370
2 281046410
1 382458291
1 656124506
1 744983280
3 694795765
3 30759273
3 14188424
2 15117951
1 128379463
1 588156559
2 794219125
3 271523286
3 887723591
1 995268074
1 988141848
3 480679363
1 92416135
3 586445566
1 144911302
1 757606750
1 288507209
2 307366672
3 278437249
3 200348257
1 18040498
1 934292541
1 991699945
1 117765093
1 56058172
2 784283263
1 125608719
1 241958984
1 795151004
2 691539867
3 390916961
2 496406715
2 404944500
2 346118807
1 602780712
2 95867197
2 629424961
1 376528607
1 570921155
2 222833866
2 371470128
3 889011629
1 65794359
3 21490313
2 309914462
1 382133601
2 439253712
1 135382952
2 81392528
3 114102313
3 350073888
1 37897160
1 107407426
3 269945703
2 365048282
1 460497443
2 351574699
2 121140219
3 42112064
2 858774196
1 95068160
3 110673665
2 222018597
2 916426161
3 354206131
1 342461795
1 511351935
3 699436556
3 95297124
2 322938302
3 742873358
3 447856474
2 703464808
2 649904857
3 247248789
2 88065532
2 283873217
2 52290020
2 77514329
2 663620106
2 610833887
3 630163378
2 841840420
2 67350466
3 182883696
3 158220778
1 539729729
2 113667342
2 624342945
1 676077988
1 910236982
1 595863930
3 191716673
2 954371260
2 597366452
3 812737632
3 571349719
3 359192705
3 400441547
1 463088613
3 525769828
1 960764456
3 24619774
3 137591043
3 84990472
2 996287314
1 759407816
3 678066876
2 267313782
1 808332744
1 887930064
3 121933943
3 87745898
2 108596557
1 990485975
3 149091838
2 920696123
1 36929556
2 636184231
1 282507868
1 582831041
3 916951086
2 963039758
3 163542015
2 313738523
1 728107424
3 574825752
3 801364817